<?xml version="1.0"?>
<opencv_storage>
<calibration_Time>"12/28/14 18:49:17"</calibration_Time>
<nrOfFrames>2</nrOfFrames>
<image_Width>800</image_Width>
<image_Height>600</image_Height>
<board_Width>9</board_Width>
<board_Height>6</board_Height>
<square_Size>50.</square_Size>
<FixAspectRatio>1.</FixAspectRatio>
<flagValue>14</flagValue>
<Camera_Matrix type_id="opencv-matrix">
  <rows>3</rows>
  <cols>3</cols>
  <dt>d</dt>
  <data>
    8.4426266483829556e+002 0. 3.9950000000000000e+002 0.
    8.4426266483829556e+002 2.9950000000000000e+002 0. 0. 1.</data></Camera_Matrix>
<Distortion_Coefficients type_id="opencv-matrix">
  <rows>5</rows>
  <cols>1</cols>
  <dt>d</dt>
  <data>
    2.3025774031827914e-002 1.0246432275495987e+000 0. 0.
    -4.7260126225747232e+000</data></Distortion_Coefficients>
<Avg_Reprojection_Error>3.7167030704401688e-001</Avg_Reprojection_Error>
<Per_View_Reprojection_Errors type_id="opencv-matrix">
  <rows>2</rows>
  <cols>1</cols>
  <dt>f</dt>
  <data>
    3.71670306e-001 3.71670306e-001</data></Per_View_Reprojection_Errors>
<Extrinsic_Parameters type_id="opencv-matrix">
  <rows>2</rows>
  <cols>6</cols>
  <dt>d</dt>
  <data>
    -2.9438549590216044e-002 -4.3311820185948299e-003
    1.1177130975305268e-002 -3.7751866317490351e+002
    -8.9419631433854562e+001 9.7743865951631676e+002
    -2.9438549590215909e-002 -4.3311820185948629e-003
    1.1177130975305290e-002 -3.7751866317490351e+002
    -8.9419631433854562e+001 9.7743865951631676e+002</data></Extrinsic_Parameters>
<Image_points type_id="opencv-matrix">
  <rows>2</rows>
  <cols>54</cols>
  <dt>"2f"</dt>
  <data>
    6.98184433e+001 2.21615616e+002 1.13932991e+002 2.22032791e+002
    1.58394577e+002 2.22646713e+002 2.02515518e+002 2.23334290e+002
    2.46488678e+002 2.24055923e+002 2.88851288e+002 2.24300491e+002
    3.32718750e+002 2.24850601e+002 3.75745270e+002 2.25545883e+002
    4.19137299e+002 2.26403412e+002 6.89381180e+001 2.65033875e+002
    1.13245903e+002 2.65768219e+002 1.57521912e+002 2.66579376e+002
    2.01902191e+002 2.66955719e+002 2.45502914e+002 2.67420258e+002
    2.88659546e+002 2.67826172e+002 3.32179077e+002 2.68403687e+002
    3.75062744e+002 2.68933990e+002 4.18508240e+002 2.69329315e+002
    6.81047897e+001 3.08569061e+002 1.12338196e+002 3.08994049e+002
    1.56634048e+002 3.09344116e+002 2.01307281e+002 3.09669769e+002
    2.44350281e+002 3.10683807e+002 2.87739471e+002 3.11264771e+002
    3.31840302e+002 3.11745209e+002 3.74280548e+002 3.11876404e+002
    4.18166107e+002 3.12759644e+002 6.71410446e+001 3.52905487e+002
    1.11363167e+002 3.53113556e+002 1.54845764e+002 3.53465088e+002
    1.99500885e+002 3.53705750e+002 2.43673431e+002 3.54160065e+002
    2.87408264e+002 3.54197327e+002 3.31258698e+002 3.54572144e+002
    3.74139160e+002 3.55481018e+002 4.17494293e+002 3.56405518e+002
    6.67824020e+001 3.96740326e+002 1.09884956e+002 3.96849915e+002
    1.54218842e+002 3.97240387e+002 1.98921677e+002 3.97413757e+002
    2.43100876e+002 3.97600433e+002 2.86691223e+002 3.97817505e+002
    3.30016418e+002 3.98218414e+002 3.73456024e+002 3.98596588e+002
    4.17117859e+002 3.99219177e+002 6.48885880e+001 4.40415771e+002
    1.09143517e+002 4.41441406e+002 1.54050751e+002 4.41045197e+002
    1.98224991e+002 4.41518250e+002 2.42224045e+002 4.41559570e+002
    2.85507141e+002 4.41761414e+002 3.29164978e+002 4.41789001e+002
    3.73199066e+002 4.42613953e+002 4.16689301e+002 4.42890778e+002
    6.98184433e+001 2.21615616e+002 1.13932991e+002 2.22032791e+002
    1.58394577e+002 2.22646713e+002 2.02515518e+002 2.23334290e+002
    2.46488678e+002 2.24055923e+002 2.88851288e+002 2.24300491e+002
    3.32718750e+002 2.24850601e+002 3.75745270e+002 2.25545883e+002
    4.19137299e+002 2.26403412e+002 6.89381180e+001 2.65033875e+002
    1.13245903e+002 2.65768219e+002 1.57521912e+002 2.66579376e+002
    2.01902191e+002 2.66955719e+002 2.45502914e+002 2.67420258e+002
    2.88659546e+002 2.67826172e+002 3.32179077e+002 2.68403687e+002
    3.75062744e+002 2.68933990e+002 4.18508240e+002 2.69329315e+002
    6.81047897e+001 3.08569061e+002 1.12338196e+002 3.08994049e+002
    1.56634048e+002 3.09344116e+002 2.01307281e+002 3.09669769e+002
    2.44350281e+002 3.10683807e+002 2.87739471e+002 3.11264771e+002
    3.31840302e+002 3.11745209e+002 3.74280548e+002 3.11876404e+002
    4.18166107e+002 3.12759644e+002 6.71410446e+001 3.52905487e+002
    1.11363167e+002 3.53113556e+002 1.54845764e+002 3.53465088e+002
    1.99500885e+002 3.53705750e+002 2.43673431e+002 3.54160065e+002
    2.87408264e+002 3.54197327e+002 3.31258698e+002 3.54572144e+002
    3.74139160e+002 3.55481018e+002 4.17494293e+002 3.56405518e+002
    6.67824020e+001 3.96740326e+002 1.09884956e+002 3.96849915e+002
    1.54218842e+002 3.97240387e+002 1.98921677e+002 3.97413757e+002
    2.43100876e+002 3.97600433e+002 2.86691223e+002 3.97817505e+002
    3.30016418e+002 3.98218414e+002 3.73456024e+002 3.98596588e+002
    4.17117859e+002 3.99219177e+002 6.48885880e+001 4.40415771e+002
    1.09143517e+002 4.41441406e+002 1.54050751e+002 4.41045197e+002
    1.98224991e+002 4.41518250e+002 2.42224045e+002 4.41559570e+002
    2.85507141e+002 4.41761414e+002 3.29164978e+002 4.41789001e+002
    3.73199066e+002 4.42613953e+002 4.16689301e+002 4.42890778e+002</data></Image_points>
</opencv_storage>
